103   694 269.4
752 605 752.7
525   253 645.4
543   245 341.9
253  368 797.9
615 253 595.1
648   543 353.6
202  782	208.1
533  167 209.6
32  196 714.9
196  253	475.5
202   327 29.5
753 123	196.6
619 782 552.9
541 196	333.5
526   123	389.5
885   342 261.7
456 368 766.5
939  885 342.4
167 123 450.2
167  657 370.2
541  752 286.9
20 753 210.8
694 196 703.3
782  526 89.8
404 253 820.7
753   196 169.4
541  253 103.2
619   103 764.9
782   482 380.0
782 456 59.6
103 368	439.7
123   456 173.1
285 342 17.7
752   482 641.4
327   641	85.9
482  368	219.4
32  456	598.3
264   482	381.6
885   641	614.2
461  20 511.4
622  264 100.7
619 752 692.5
752   782 373.6
619   525	184.5
581  342	2.4
342  32	6.9
581   461 704.3
605   753 811.2
753   32 385.3
581 368 766.7
581   579 453.7
753   526	704.3
939   482 313.4
694   782	410.7
694 526 785.4
196  526 83.9
167   103	521.1
623 104 436.1
605 456 10.4
766 456 164.4
461  123 607.4
327 605 746.5
543 766 665.0
525 482 442.2
752   368 267.6
245 253	753.8
103 456 118.8
104  196 317.6
752 753	248.5
641 732 244.3
525 526	285.9
20  657 123.0
732 253 561.8
939 581 486.6
533 103 568.0
939  196 640.0
657   543 557.3
752   20	767.7
456   482	554.8
619 605 569.2
694 732	521.2
622   368 825.5
641 753	25.5
526 482 101.3
253   526	116.7
123   482 39.2
732 245 773.8
641   456	443.7
245 368	36.8
