628  673 580.6
575 777 438.1
276  777 598.5
504 28	197.9
71   397 542.1
644   575	81.5
861  673 560.7
351  135 207.7
397  12 455.4
769  384 186.0
12   766 55.1
673 777 45.0
135   628 631.9
298  575 785.1
114 644 290.8
276  384 560.7
61  828 128.5
397   861 520.9
504 365 679.7
766   575 613.0
454   654 449.2
504   861 60.9
61 777	403.7
766  628 768.7
365   628 343.8
819  777 360.1
12  61 332.3
769 276 597.5
61   365 739.5
397 628 362.6
504  71	172.9
12 644 486.7
777  600	808.7
861   135	273.3
828   766 375.6
828  628 321.7
575 600 302.2
861 644 818.6
298  397 204.5
504 298 502.0
861   777 722.5
828 673 688.3
114   28 675.9
769 114 741.9
628 777 309.0
861   628 122.4
578  777 313.1
384 628 534.4
