333 820 147.3
909  730	491.3
452  730 220.4
307   718	727.0
870  858	170.8
226   345 299.5
355   652	555.3
820  356 671.6
730  718	117.2
924  858 93.7
924  523 117.4
584 718	496.8
858  909 462.5
345 730	815.4
307 870 249.6
356  452 555.8
345   820 19.3
355   870 78.1
413  345 476.1
652  730 65.0
344  584	624.0
858  718 519.1
657  309 57.8
355   858	485.6
652  485	794.5
523  485 693.4
333  730 434.6
226  652	582.4
652   356 437.4
333 344 127.2
924 177 210.7
226 730 252.2
333 909 683.9
896  452	466.9
177 584 446.6
913   523 437.2
226 356	829.2
924   307 221.6
365 820 305.0
309 584 718.1
309   345	5.7
657 356	814.9
523  333 273.1
413   485 658.1
