527   278	608.5
572   197 596.8
382  34 553.6
527 506 82.5
70  590 107.0
70   637 351.9
698  127	374.3
590  154 234.1
272   225	235.8
34 506 67.4
915 745	739.1
412   656 240.3
295   786	469.0
241 506 667.5
590   637	638.9
181  894 293.8
241   652 365.0
795  547	294.8
50 894 224.1
127 656 45.6
564  50 617.1
520  825 678.8
525  23 209.8
975 894	22.1
467 125	377.1
154 825 143.3
439   745 737.2
315 825 563.2
181   656 86.2
721  745 193.8
23 652 67.7
635 825 539.9
527  999 387.0
181  635 197.4
197  975 504.7
225  745 122.6
382   590 680.3
795  154 72.9
637 825	406.4
572   412 188.7
59   915 247.0
59 825 85.5
520   225 173.8
825 95 443.5
958 590	573.4
506  154 46.7
392 825 791.4
70 721 379.5
915   95 517.8
278 272 217.3
975  225 206.3
527  315 257.3
272 181	71.1
461 241 418.0
698  59 480.0
652 95	630.6
218  652 421.5
439 656 399.8
295   127	781.6
795 637 367.1
382 59 407.3
154 520 586.9
786 975 713.5
898 894 432.4
698  894 537.8
412 392	480.7
218  894 586.4
197  154 92.0
392  652	103.9
698  315 347.4
525  225 248.5
527   547	132.2
412   295 540.4
698   572 732.1
59 635 793.3
654   241 590.6
547  125 700.0
915  652 385.2
241  637 466.6
637  127 512.0
644  915 94.5
461  520	215.2
23   154 538.5
23  520	31.8
975  745 636.8
125 95 281.1
721  656 259.5
457   527	402.6
894 95 723.5
635  23	393.0
654   721 487.2
474  197 220.3
127  95 659.2
197 506 152.4
181 793 424.8
525  793 786.9
756  95 320.6
467   786 115.5
745  95 153.0
786   745	325.3
74 525 679.2
474 225 376.7
515   898 754.4
547 181	110.3
637  656 241.1
825 652 609.3
572  457	5.4
637  59 708.0
676   975 258.7
412 525	630.2
439   95 523.2
795 23	750.8
392 34 667.3
50   457 636.5
506 23 659.9
181 745 463.5
295 95 139.0
572   721 138.3
676 547 601.5
644   225 208.0
457 795 220.2
272  745 347.2
