795  890 232.5
645 141 661.0
620 795 690.7
337  645 147.8
600 751 191.9
113 646 649.1
397 825 412.3
141   753 200.1
440   753 337.6
901 811 48.6
187   825	226.6
42 890	691.1
192   337 812.7
834  620 585.2
566  811 189.7
337   810 72.4
810  397 521.5
187   645 363.7
753  223	192.3
337 54 319.5
54  825 791.5
913 440 804.2
811 795 87.4
810  753 437.3
645 223	342.1
192  397	45.6
141 397 419.2
54 223	492.4
337  187	475.9
646  811	811.8
981   187 457.4
646   397 686.2
901  961 460.0
961 811	769.7
645 890	588.5
751  795 329.6
890 825 420.2
192 981 621.3
397   890 623.6
192   357 525.6
646   753 387.7
600   915	825.5
901 86 307.5
961 397 575.4
855   913 795.8
810  223 672.0
141  825 354.2
355 901 753.8
86  337 465.0
915   825 315.3
645  795 128.4
42  645 244.8
834   355 701.5
753 54	170.4
357   187 54.2
901   751	190.5
