69  994	383.7
190   33 358.5
213   825	474.0
938   218	700.6
338 609 472.2
2 389 75.0
947 555	291.6
877 139 545.7
853  996	310.7
350 338 404.8
218  526 723.6
153  609	404.2
52 609 21.2
190   5 110.3
52  67 700.2
449   938	503.6
190   933 421.9
609   389 798.7
600 990 220.6
389 69 668.5
5   389	580.8
637  449	549.5
569   994	86.6
637   569 342.4
235 33 621.8
461   994 651.2
637 190	48.1
607  609 571.3
389  208	112.2
208 994 37.6
733 33 393.3
526   389 540.7
526  977 334.5
685 994	564.6
71   235 377.7
825 69 306.1
190   389 484.7
977  994 562.9
700  496 119.6
938  526 720.7
5 153 704.4
67  700 685.9
67  218 639.1
496 69	190.9
190 526 167.8
153 994	448.1
933 526 197.3
380  52 336.8
311 208 551.7
350 685 120.4
825   5 24.8
637   71 389.2
600 67 9.0
600 69 227.5
52 71 11.5
862 71 424.7
139 526 727.0
877   67 621.4
71  977 242.6
380  600	185.0
509 5 613.2
569 609 534.9
461   933	632.0
996  526 314.6
350   853 160.5
380  213 638.9
569 825 762.8
733  996 152.7
773   139	65.1
509   208 336.6
380 607 223.8
213  389	766.9
700 933 655.3
153 555	687.3
449  609	15.0
71 33 211.6
116   700 645.8
526  994 752.3
33 389	494.8
825  461 294.9
990 350 161.8
609  977 645.6
569 700 250.5
2  255 4.1
977   208 175.3
380  853 206.5
218  555 376.7
389   994 535.4
5 218 183.5
218  994 428.6
971   609	425.6
218  389 773.4
116  52 590.6
990   389 397.3
862 555	160.7
733  773 734.0
733   496 711.1
555  526	24.6
996   555 406.7
52 996 12.1
69  208 741.4
637   938 81.4
555  389	583.0
862 938 286.5
877 862 87.1
380  933 471.0
