493   88 427.0
294 714 387.8
111  113	410.4
291   113	159.6
483  236	546.2
565  291 740.9
404   146 203.7
922  113 426.4
294  69 419.4
113  5 1.5
113   225 494.1
21  814	151.7
236  493 465.3
44  224 180.9
119 44 77.6
910  493 742.2
483  113 26.4
572  113 102.6
111 21 373.8
308  113 638.6
5   854 268.0
854   828	535.1
69 714 734.4
225 5 393.7
565  225 116.9
21 483 570.6
68   5	465.7
565   113 286.1
922 828 746.8
113  714	426.7
44  68 766.2
308  922 445.8
910 5	619.3
224 922 137.2
69  854 555.1
493   922	66.6
714   854 492.9
44 483	525.1
68 225 717.3
144   910 677.1
224   714 196.1
69 113	371.3
68   922	82.6
483  854 366.6
113  854 451.6
749  922 115.7
119   225 541.7
236 291 246.8
572   814	233.3
714   5 604.3
291 714 529.3
910   308 281.4
