272   169 372.3
381  102 159.9
110 970	245.3
367   379 201.5
126 862 555.4
958  774	605.3
710   774 469.9
224   110	122.2
782   126 386.3
998   467 450.2
782 898 47.9
284 379 22.4
653 379 478.4
367   765 202.9
110  467	616.3
267   272 493.7
467 710 686.7
272  970	235.6
958  379	187.5
862 508	400.4
723   169 167.3
272  1	416.5
135 126	65.8
346   461	265.7
135 1 599.3
765   508 419.9
126   1 363.1
267   876	399.4
88  765	436.6
98   710	652.2
653 958 380.2
346   284 710.2
443   508 570.4
126   284 526.2
110  862 164.1
367 842	479.9
126  958 131.8
224   467 490.7
346  267 286.9
267   782 148.7
765 98	19.3
110  958 143.7
898 842	536.1
126   379 121.1
1  88 203.2
267   862 55.7
653   110 184.3
367   461	535.6
842   774 164.3
443  126 799.1
379  765 476.3
224   898	629.3
367   508 473.5
876 381 809.6
169 765 229.5
169   958	13.3
898   272 403.1
169   970 590.6
135 723 384.2
381  765	64.0
