668  105 96.2
18 684 784.0
514  113 173.0
629  983	9.0
764 491	603.7
772   833 275.3
166   668 430.8
963   105 576.8
929   925 405.1
120 105 479.0
807   141 1.5
637   18 460.1
637   105 145.3
113  166 278.5
835  772	378.5
764 684 832.6
676   89	803.3
403 129 598.6
672 120 47.3
491 676 685.1
163  1000 646.3
514   381 514.7
764  172 225.1
113   663	179.2
403   984 329.5
381  924 81.7
772   676 750.1
756  105	80.8
924 835 779.5
620 514 7.6
807   526 128.2
983 105 814.3
772   266 90.4
761   629 732.4
172  629 776.8
554  482 526.0
491  356 227.6
224   984	59.8
924 89 44.5
637 833 641.7
526 835 528.1
262  684	146.1
672 526 649.0
381   835 363.0
620  984 635.2
381  105 377.0
379 668	429.8
761  166 735.3
663   262 785.0
120  984 723.5
925 224 761.3
807 663 646.8
668   676	422.2
637 89 478.3
141  266 817.1
772 89 785.5
663   684 522.2
984  983 74.7
403 526 704.0
113 772 359.0
663  668	285.2
554  113	362.9
929 120 406.4
491 684	796.8
563   668 322.6
172 105 5.9
761  833 444.8
984  266 679.1
120  18 101.9
772   629	667.8
514 526 140.3
925 984 226.3
113   629	312.8
772 105 427.2
266   684 229.3
172 89 412.8
554   105 141.7
563 833 422.3
163   929 73.5
113 262 585.8
514   637 68.2
266 983 200.8
120 89	553.4
984 105 343.4
924   105 577.6
765 929 525.8
963   684 529.5
105 18 397.2
563   772 576.8
1000  105	555.2
89 684 6.5
672 772 444.6
105   262 221.7
772 18 271.5
166   129 231.0
163   684	546.3
381 756 24.2
924   166 226.5
