371   396 52.8
295 114 85.0
371   87	266.3
211   942 518.0
87   280 218.9
173   967 192.1
838  114 457.8
387   641 565.0
952  280 39.5
725   295 694.2
87   347 480.2
217 211 451.8
181   840 548.1
942  475 187.9
214  428 728.5
971 942 65.5
952 942 740.3
927 114	807.9
870  396	90.0
641 26 530.8
569  769 553.2
347 428 257.8
114   916 240.4
653   292 216.7
908  967	124.7
150 26 178.5
679   867	400.5
329 664 354.4
217   641 21.6
331   396 93.5
173 761	69.8
690   475 797.5
295  173	143.4
214  217 660.0
292 428 699.7
769   916 1.2
769   428	665.1
288   758 577.0
870  908 125.3
737   761 229.9
396   569 219.4
177  428 217.0
679 845 2.1
87   237	627.9
622   971 306.0
523 967 233.3
870  916 264.9
845 916 374.5
838 725 41.6
908 347	146.9
927   292 354.0
690 396 135.7
737   288 408.2
177 147 227.1
971 428	449.0
475 916	251.8
664  428 392.5
679  217 793.2
181 916 219.2
758  475 670.4
725 908 758.3
777  628 796.4
347   475 370.7
679 87	435.2
867   371 650.1
971  26 775.2
147 87 772.2
870   942 827.8
679   840 212.1
173  523 572.0
147   761 698.1
150  292 573.7
690  952 116.0
761   916 230.8
622 870 361.0
641  428 83.2
202  147 396.7
347  26 568.8
908   173	431.8
329 288 752.6
523   211	205.5
758  237 581.2
942  26 285.6
838  428	236.3
628  916 766.6
87  217 514.8
622  569 533.4
761   475 221.2
786  641	131.7
679  114	343.2
916  428 205.8
371  173	577.2
952  641 423.8
523   761 168.0
761 641	371.5
114   428	94.2
679   371 139.4
653  475 450.6
26 428 488.2
967   428	94.8
942   664 394.4
387  329 193.3
870   971 569.2
214   173 198.2
280  26 315.0
329  971	633.9
641  916	430.5
927 967	57.7
971  641	798.1
758   786 800.2
114   769	272.4
967 761 589.3
347   664	671.6
295   347 572.3
