53   21 515.5
350 295	603.0
465  730 113.0
158 730 94.5
322   840 164.0
587   369 669.5
511  350 372.4
698 847 333.9
794   761 21.6
249   847	364.9
896  573 543.4
965  208 754.6
931   774 703.1
657  932 547.9
867   295 732.5
371  686 386.9
794   62 642.6
867 962 162.4
572   48 268.1
414   306 737.2
62  761	736.0
618  307 186.4
836  563 171.5
372 966 249.2
250   121 560.1
999 295 746.2
158   369 323.3
587  657	689.3
721 21 735.9
251  880 348.2
711 47	230.9
829  62 672.3
168  887	452.9
993 21 604.0
572 932 107.0
730  563 476.3
896 962 349.1
322  719 433.3
121 880	332.5
208 867	677.3
839  931	816.5
210   505	396.0
880 295 473.2
913 563 340.7
618  880 418.6
712   563 178.5
501  415 727.8
835   590 531.4
872  563 526.4
847  761 317.4
32  89 328.4
931  21 153.6
277  999	668.8
21   847	764.1
712   824 106.4
423 342 181.5
749  847 830.5
519  505 148.7
249 250 675.0
590  657 516.7
730  55 682.8
524 887	790.2
837 207	446.1
74  847 59.3
961  993 696.4
824 590 426.6
21  563 489.6
307 75 650.3
775  618	146.3
412  74 117.7
698  711 237.2
350 896	265.9
371   524 723.9
618   913	150.0
39   839 515.5
730   539	17.4
273   206 465.1
511  356 427.5
639   307 678.6
251 719 800.1
342 896 229.6
412   539 714.1
847 966 519.9
158  250 236.7
573  21 759.6
251  867	367.3
47   857	349.2
804   639 744.2
9 992 826.7
605  986 607.1
699 121	701.0
414 539 317.0
880   572 200.7
932   48	676.4
698  210 366.5
872 896 199.5
511   158 222.4
699   698	587.5
412 847 817.7
775 74 161.7
505 867 122.3
605   53 253.4
749  686 247.4
307  55 672.5
676  572 498.9
89  857 83.6
280  618 729.6
505  524 359.0
573   932 2.1
539  48 679.6
75 880 745.4
699 590	387.2
208   839 645.4
524 48 383.2
693   511	383.6
373  872 6.7
250   931 531.6
993  966 737.6
501  730 820.4
573  572	273.7
721  686 546.3
539 761 547.9
412 839 372.8
847  774 479.7
74  962 699.6
693 804 805.6
839   867 455.8
414 965 443.6
887 774	297.1
711   880	748.6
121  48 586.3
32   39 109.1
711  295 324.8
55   966	532.6
989 657	749.7
775 749	778.5
350  342 748.8
207  572 460.0
75  913 231.4
45   966 536.0
913  887 403.0
414 794 598.3
605  21 215.6
836   761 166.6
730 21 721.5
693   207 491.4
887 932 626.9
880 761 745.4
356   21 303.2
47  372 93.2
250   62 738.6
961 986 534.9
414 342 829.0
992 519 136.1
373 505 811.0
505   48 188.8
698   657 738.8
251  312	462.6
794 85 575.5
698   158	234.4
966   563 433.5
857 605 295.1
872  993 302.0
921  85 211.9
45  121 36.1
307  966 83.4
