671  110 63.2
350   257 116.6
939   860 608.6
284   205	552.6
436  350	394.6
337  338	405.5
826  658	136.5
88  476 451.2
188 528 297.6
330 567 449.0
820 60 634.9
726  522 781.2
702  98 307.3
774 605	155.2
522  528 343.8
894 858 566.5
858  675 282.1
831   257 491.2
270 528 410.0
783   656 365.3
110  858 798.0
112 856 9.7
702  379 615.4
110 856 363.3
60   188 259.2
765  110	171.2
349 923 674.8
964 656	780.9
582  428 720.5
47 225 32.1
225  858 108.4
544  861 197.2
101  858 617.1
108 782 238.4
579   98 321.3
349   839	795.5
211 656 30.7
939 86	317.9
973   338 542.8
651 567	479.3
582 141 671.1
826   574 351.5
767   675	86.9
658  379 521.0
643   257 126.1
270  656 418.9
284   536 531.9
370 284 705.5
973  45	90.4
84   45 433.8
86 856	751.7
783  522	814.5
398   858 369.9
992   240 180.4
188 47 589.9
25 782 730.9
897   284 276.3
939 177 276.6
330   270 786.3
379   522 810.7
46  99	764.0
675 528 186.9
767  820 720.4
506   205 46.5
704   567 205.3
605  330	596.9
257   428 121.0
523  101 164.2
47  211 185.0
174 225 287.2
188  338	362.4
628 820 799.6
211  270 719.8
628   702 183.0
897  205 157.3
831   582 679.5
897 726 255.0
99  656 152.9
994  110 774.5
141 522	631.8
284 605 332.8
379   973 764.2
605  225 549.1
823 605 136.2
174  579 463.9
774   894 469.2
174  582 580.7
149 656 433.0
536  338 202.3
585  453 565.9
141 897 730.1
93 823 138.4
127 88 827.1
205  225 665.6
522  225 353.1
257   60 769.4
453 284 735.4
567  944 665.5
257   783	3.0
240  349	332.1
675 910	513.8
923 944 764.6
506 856 178.4
567   101	482.1
453   476 230.4
656   675	378.0
523   675 674.3
211  205 811.2
149 964	221.7
110  528 727.1
205 856	808.2
88  99 700.3
666  536	448.6
337 476 401.3
856 910	255.1
574   453 396.3
398  523 368.3
858  528 607.1
628 658 621.2
436 656	230.0
668   84 697.8
99   858 95.9
856   656	761.9
84  46 751.3
643  225	43.0
141   910	236.6
270  205 96.1
605 726 367.5
704 944 608.8
46   270 616.6
973 205	97.0
25   726 739.0
658  783 45.8
628   986 329.0
901 211 121.6
901  349 687.1
330 46	560.4
257  666 266.4
839 582	602.6
174  939 78.6
21  860 642.5
910   528 545.0
428 783 782.2
260   211 72.1
240   582 106.0
861   964	628.0
476  98 267.3
666   428 305.9
101  99	459.0
894  522 429.6
337   994 440.6
13   823 8.5
141  101	408.9
658 523 66.6
93  522 678.2
60  205 88.5
651   471 565.1
671 453 401.2
