628   185 151.3
230  249 486.8
324   163 67.8
89 572 799.6
628 648 420.6
90   764 553.5
683 469 406.4
261   168 671.3
523  683 817.2
14   853 638.6
648  987 728.2
173   138 756.9
237   747 615.6
8   268 574.3
869  206	200.9
539 163 285.3
822  750 507.4
230  764	149.4
252  276 31.0
179   467 685.7
107   469 46.8
750 179 637.6
496 190 310.7
168  179 208.2
684 822 736.2
628 237 800.0
506  764 643.5
307 469	1.5
276  612	641.8
7  496 770.2
935  324 346.6
90  14 682.2
506  280	292.7
107   207 677.9
185 179	632.8
709 750 122.0
267  764	60.6
803 168 351.0
173  838 716.1
589   803 582.3
373   363	481.1
876  612 521.7
587 816 500.2
816  469 169.1
517 616 9.4
496   469 573.4
616 767 778.6
43   822	486.3
683   838 605.0
107  683 467.6
803 876 827.7
709 280 624.5
965   803	262.5
207   684 275.7
709  467 420.8
43   14	780.5
280 14 312.2
261   910	387.8
523  267 491.7
7  876 190.0
373 576	794.4
179 276 687.7
572   5 344.4
56  612 634.9
811 612	222.1
280  572 624.6
767 853	793.5
90   81 253.2
987  467 556.1
965 261 109.2
987  265 658.1
540 359 648.6
138 612	189.1
190 876 512.0
469  265	762.3
506  759 39.3
187   14 8.3
539   822 222.6
970  295 516.4
838 363	737.3
767  168 158.8
43   750 353.6
869 747 262.6
295 876	220.4
767 276 613.2
970 168 710.5
89   252 86.1
359  7 831.4
838   7 82.9
572 363 63.9
307 589 132.5
49  800 309.1
237 829	603.2
43 987 357.4
7 800 381.2
81   469 677.7
5  612 817.1
803  14 600.9
107  249	685.6
187 910 508.5
173   876 705.4
89 21	776.3
853 612	31.9
187  965 84.2
987 14 664.4
207 179	212.1
207  359	245.8
295   747 679.2
747  822 38.1
576 168 302.7
800 14 78.5
107 747	486.0
81 276 115.7
709  7 668.6
324 767	817.1
432   965 338.1
432 747	725.6
267 759 427.7
138   970 678.3
159 800 526.7
467  612 388.0
159 469 42.3
138  838 434.5
589 747	342.4
838  962 457.4
2 540 470.1
506  252 654.7
657 207 300.8
159  496 771.5
657 822 575.8
307 280	123.1
750 363 82.5
207   987 511.1
987 5 233.7
684   179 503.0
348 767 321.2
359   572 206.8
138 962 676.6
496  276	102.6
81   43 225.6
21 159 699.1
935 295 792.4
539 373 81.1
811 280	693.5
8   576 326.5
987 612 744.9
747  572 300.9
21  265 545.0
399   935	388.7
190 276 101.4
187 261 605.0
628 7 61.4
185  261 52.0
90   612 119.6
506   237 483.1
970  935 177.0
747 265 680.5
935 81 128.1
43   7	475.2
138 90 665.8
764  179	369.1
539  159 357.1
2  469	389.8
816 159 620.1
81  168 76.0
517  399	537.7
373  7 154.3
261 467 805.9
90 648	14.8
540 295	193.6
359 179	681.0
21   853 145.4
764 467 128.7
56  276	591.5
