156 481 15.0
529  428 124.1
280  293 639.1
79 858 695.5
858 677 507.8
460  10 225.1
108   530	424.8
500  904 95.5
160 870	349.2
108 86 795.2
293  209 304.3
840 521	406.8
451  628	651.1
343 834 426.6
193   300 736.0
665  79	448.8
664 567 353.9
35 530 653.3
429 917 523.8
563   530 134.4
878 357 85.2
809  858	600.0
874  300 472.6
238   637	713.7
999   300 16.8
334  475 218.3
500   870	590.6
51  764 634.5
584 460	394.1
858  652 696.7
141  209 782.5
647 343	507.3
358  809 67.8
742   475 673.3
671 842	228.4
559   889 387.1
551 188 17.1
665 677 104.2
86 904	304.0
889 448 287.9
334  817	186.6
358 584 293.3
160 858 488.0
829  35 693.3
647 403 489.1
680 403 819.7
308  642 151.0
211   457 377.8
343  357 711.2
743  453 779.7
475  904	201.0
104 403 41.0
334  428 420.5
104 306 624.7
400   377 482.2
605   680 800.9
211 999 590.9
40 377 85.5
121  10 275.5
400   293	350.7
454  485 308.1
279  428	282.9
141  86 498.9
647 680 486.8
647  40 202.8
187  870 267.9
400  764 600.4
334 906 507.2
637   742	708.3
637   128 660.1
637 66 70.9
743 775 292.6
529  500 283.6
209  86 347.3
605   245 43.8
454  141 771.5
377   595	503.7
192  454 686.4
73   141 584.9
680  628 524.1
93 834 118.8
40  567 817.0
665   605 75.5
775 481	792.6
454 619 520.1
671   809 616.8
990   357 701.0
349  858 202.6
314   377	623.3
605   128 562.9
530 904 257.5
551   79 511.4
104 86	135.5
632  628	773.1
357  293 116.7
917 858	412.0
742   889 178.7
374 829 606.8
448  35 397.9
256 628	81.3
565  829 766.3
775  567 713.3
834   429	571.2
343 51 778.7
677  530	754.7
829  86	358.3
870   403 383.7
209  530 467.0
467 878	793.0
530   481	355.3
996   451	698.0
444 399 395.3
187   652 766.1
637 343	425.3
454   829 341.6
108 186 339.6
652 10	642.6
400 334 666.1
812   428 53.8
156   343 439.6
829 870 718.3
642   595 518.0
79   563 317.4
93   584 294.4
403  904	262.0
312  834	177.5
664   186	131.7
308 86 1.9
834   677 80.2
429  878 646.1
584 775 793.9
51   664 808.3
595  85 240.8
884  451 567.9
457 86	355.7
906   628 638.9
636   829 424.2
451  500	98.3
664   677	286.5
312   889	794.0
514  186 230.6
878  500 554.8
636 775 240.0
349   481	510.7
798  377 652.5
743 628 510.6
764   279 656.8
619   842 739.8
256  160 511.5
628   300 44.4
889 664	12.3
457   677 54.2
665 889 681.4
280  79 489.4
812   403 244.9
399   904 713.8
475 108 234.5
637  141 292.1
280 186 587.8
349   917	9.0
500 809	580.4
377  481 754.7
121 475 689.4
842   86 348.5
508 642	564.2
347 209 28.9
35 209 803.2
840   279	409.5
193  664 43.5
778 840 619.6
377 628 443.7
567  530	224.7
842 809 740.9
209  904	133.0
