45  296 309.8
825   65 688.0
36 597 630.2
482   992 626.2
763   255 112.7
518  625 540.2
296   797 109.7
722   945	476.1
633   988 179.0
301  548	91.5
352   625 776.9
548 500 288.0
644   288 674.6
76   500 646.5
442   288	817.6
668   556 737.9
151   945 628.2
644  518	819.7
988 992 0.5
296   473 343.3
370   304 71.3
105  633 354.9
115   556 169.8
275 500 782.9
271 482 27.4
567  992 187.5
2   567 782.4
21 442	302.6
454 668 646.7
551   477 759.3
445   288 654.0
945 296 520.5
265  792 811.8
86   633 721.8
633   288 55.2
473   275 307.4
86   500 435.9
298  275	310.8
809  722 675.0
271  540	532.8
21   797 573.9
265  82	122.6
541  567	572.5
521  86 574.1
803  36 318.9
556   474 15.9
201   439 44.2
541  115 656.9
484  844 296.4
551   792 255.9
990  304 482.0
109   394 53.0
498   113 795.7
808  797 496.5
825 803 597.3
226  442 120.0
597 500	269.1
352  275 767.3
25 797 350.8
61 439 89.3
352  518 510.7
668 500 468.8
477   612 34.8
255 518 512.7
115 288 345.5
551   473	593.3
301  668 379.9
25   644 311.0
573 469	592.2
469 86	417.4
498  304 319.4
201 82	500.8
350 990 689.7
825   301 82.2
21  275 783.9
445  644 327.3
265   477 467.9
65  151 100.4
584   644 280.3
966   500	227.1
482  275	146.4
109   113 256.2
211 540 203.6
115   597	288.5
288   500 661.2
82 394 210.8
786  275 138.0
61  612 350.1
792  597	791.2
113   2 247.4
25  115 27.4
449 990 379.7
722   567	291.2
712 644 178.9
923   296 783.9
992 500 504.8
722 359 487.1
62   551	407.4
602   288 90.6
361  359 64.8
352   923 156.8
573   722 659.7
361   482 632.4
484   113 377.7
597  612 502.4
790 82	64.7
633  275 751.0
359  644	457.0
151  668 372.8
370   808 212.5
799 644 213.9
218 255 153.2
597   82 517.0
284 21 622.1
990  477 773.5
352 797 221.5
45 799 190.6
80  612 762.0
596  644 455.5
350 211 138.0
80  797 543.0
551   602 423.0
61  596 815.1
109   288 635.0
2  76 758.2
201  484 422.7
556 916 110.1
612 992 326.9
644 275	34.3
86   473 255.7
352 469 368.9
668 792	686.5
612   296 293.7
284 797 612.6
151  518 537.9
298 86 725.6
474 518 121.2
556   612 643.1
654  484 617.7
2   82	632.4
2  439 779.1
343   304 800.4
36  990 731.7
218  482 328.2
109 612 307.9
201  602 320.0
201   370 831.9
359  992	240.1
498 115 31.2
25 21 129.5
722   304 353.3
551  151	129.2
364  361	398.7
255  360 802.1
288 394 452.0
763   482 192.5
25  597 701.6
477   556 332.4
712   36 616.1
792 612 539.7
80   304 144.6
540  284	779.3
2   644 419.6
284  193	772.6
482  797 122.1
61  82 380.9
797   633	435.6
990  80 222.1
255  265 502.6
473   500	214.3
21 625 720.2
625 275 231.3
151 359 41.2
992   275 680.9
521 284 783.7
521 808	401.1
343   359 353.0
712 992 669.5
31 722 186.6
548  482	279.8
115   109 438.9
82   797 19.8
80 500 448.6
571   597 794.4
360   45 803.9
633  394 141.6
