387  868	78.9
311  376 290.3
361   150 0.8
91 622 528.0
362   671 809.5
150  667 375.8
407  579 653.4
704   667 392.5
391   664	495.6
911  753 583.7
257  376 65.1
671   860 129.1
734 200 311.0
249   549 333.9
667 860 766.6
150   734 590.9
157 376 392.1
690 575 130.9
241 734	171.2
351  311 390.4
704 92 365.9
376 860 322.5
893   944 93.1
257 362 364.6
989   501 612.3
26   753 94.0
568   753 644.7
316   67 634.8
679  911 225.3
956   488 238.4
579  92 348.2
501 311 19.9
750   376	425.4
266  932	500.9
400   241 57.4
350   944 625.6
645  860	190.1
400   376 139.7
316 249 533.7
400 387 399.4
776   860 675.8
263   501 165.4
620  73	242.5
930   376	675.6
690   455	827.7
257  200 713.9
690   930 665.4
166  911 737.9
263 150 744.2
488  376 343.0
150  432 171.5
992  387 116.0
564 168 305.9
26   351 735.0
681   956 613.3
56  671 304.6
249 101 328.4
387 753	121.7
549   101	462.2
681  667 400.1
351   92 547.1
930  667 429.9
263   257	714.8
750  361 453.0
679 930	503.1
200 432	497.4
249   860	41.5
989  690 335.0
573 375 307.7
343   362 484.3
362   860	679.6
989  350	219.7
407  200 828.4
150  400 216.6
243   944 281.9
460   863 207.0
257   56 467.6
73  863	733.4
664 671 481.8
704   621	387.0
138  75 350.9
164   501 608.8
622   407 43.2
868 157	605.7
200  56	417.6
501 671 354.1
573   959 527.6
580 620 95.5
488 157	533.6
621 245	556.6
174  26	430.3
573 681 188.0
26   362 327.1
308   375 336.0
984   455 67.8
664   956	560.8
432 860 304.7
245 690 591.5
734   362 141.4
241 956	206.5
679 868 397.8
988  964 220.3
67 573 727.8
138   174 733.8
956  376 111.6
690 667 552.1
249  311 520.7
959   667 415.1
501 860 257.2
249   690	795.3
263  91 28.5
387 690 85.5
164 645 246.2
769   455 23.1
932   75 275.1
266 407 7.2
400  664	752.8
671 376 198.3
92 959	649.3
564   350 467.2
488  671 423.5
343   629 325.7
579 376 144.9
174 751 348.8
164   863 639.9
311  157	653.0
311 455 251.6
959 376 761.7
488 667 742.0
412   257	647.3
387 101	337.3
769  564 34.7
930 671	723.5
245 455 332.5
932   343 788.8
911 956	769.1
992   591 69.1
67  988	605.1
964   351	583.4
26 776 100.3
549   376 653.9
308   580 541.8
92 667 29.5
316  351 276.6
361   580 67.3
241  645 271.8
266  263 657.5
150 351 284.2
92  455 386.2
26 73 594.8
751   92 181.7
150 704 383.2
166   245 824.1
387 455	392.1
73  734	265.0
73   157 386.9
629   455 745.7
307  376 738.4
750 168 457.7
412 245 112.8
944   157 696.6
407  56 563.7
681  671 749.8
200 956 328.1
241 664 756.0
799 455	698.3
579  243 607.8
75 863	756.6
681  575 43.0
92 860 486.3
200  101 151.8
769  311 394.3
174   257	462.0
460  893 63.3
501   863 726.0
585   956	314.3
432   959 64.3
343  868 1.5
664  690 57.2
257  681 415.1
