756   977	387.2
338  893 179.9
193  817 322.3
957 893 775.0
394 251 565.5
16  224 477.1
347  16	352.9
427   521 245.6
623   977 744.1
227  957 293.0
691  58 338.9
691 638 570.5
638 501 765.8
338 427	275.4
338 394 177.6
691  231 469.6
338  58	742.2
338  747 580.7
691  623 354.3
957  977 760.8
501  224 487.6
501  347	82.9
16  58	20.7
977  893	625.9
394 817 453.1
347 224 651.9
691  893 784.7
747   893 311.7
394   957 672.1
119 427 536.1
119 893	453.5
16  817	790.0
231  977	61.8
251  623 104.1
501  817 365.5
338   957 668.0
817 893 572.5
347  811 708.6
623 893 558.3
756 58 145.8
394  977 335.3
817   747 441.9
347  58 745.7
251 977 199.8
227   893	686.2
193 338 640.5
224 251	539.5
811   977 302.3
347   193 567.0
