319   36 350.7
31 36 715.1
170   514 300.0
45 786 611.1
537   36 576.9
36 438 735.2
888 285 727.6
209   203 154.3
550   403 737.2
509  945 420.2
952   769 353.8
509 514	237.2
339  45 560.0
60   516 62.5
128   702	369.0
285 795 826.7
876  514 642.2
516  45 623.3
483   952 657.0
47 702 7.2
516   769 172.6
786 945	12.0
71   22 318.9
514   769	821.8
98   795 65.1
326 525	685.8
929 952 785.4
285   71	64.4
438 98 509.8
888   36 157.4
193 403 311.5
203 769 306.7
555 620	495.0
193  786 399.3
537  453 248.9
23   702 74.8
809  170 749.3
525   98	663.7
509   702	68.4
597  555 810.8
555   403 607.6
36  98	424.1
333 203 758.7
333   945 695.8
209 170 796.2
537  779 61.4
952   514	563.1
47 786 233.1
170   769 242.5
60  71 487.6
23  329 237.9
597 620 700.0
723  46 520.7
702   285 382.7
258  537 602.8
47   483 587.6
888 555 411.7
597  193 777.8
631 809	448.7
47   809	416.5
945 403 710.2
326   258 306.0
193   453 557.2
809   203	388.1
203 514 37.0
45   945 533.3
945   453 556.9
285   22	538.6
888   170 825.6
329   193 742.2
71 929 14.2
786 514	715.0
769   403 504.8
453   514 434.5
326 201	243.4
339  597	553.2
756 319	151.2
201  438 1.1
71  36 455.5
47 779 353.9
203   929 18.2
23   203 236.4
945   203 196.0
333   769	703.9
319  201	35.3
22 945 161.7
319  203 605.1
555   36 353.6
929   453 206.9
509   779 589.3
23   47 759.5
193  945	582.9
170 403	62.4
201  945 804.2
193  98	620.0
31  809 212.2
285   453 815.8
319   952	331.7
723   434	446.1
128   36	496.5
631   516	67.6
702   597	133.3
620   438	78.5
514   403	694.8
203 453 1.6
555  203	67.5
319 170 610.1
60   952 707.8
723 550	70.3
360  71	426.1
36  779	831.2
