853 873 422.0
805  883 797.9
885 84 257.1
816   12 215.1
520 707 647.5
895 883	698.7
885   853 532.9
254 883 758.4
413   875 132.2
875   816 541.0
145 875 407.2
36   883	672.5
883 803 408.6
914   873 102.7
61  302 142.3
302  12 602.9
12   251	710.4
758  873 512.6
503 844	517.4
875   853 821.5
873   803 543.7
828  875 626.8
413   828 56.1
150 875 236.1
844 254 389.0
251  853 46.3
875 707 759.6
579 844 61.5
245 84 296.2
150   368 535.3
828   462 110.1
828   492 187.6
844 828	65.2
251 873	439.7
399 368 176.4
707   302 354.4
254   853 344.7
355  12	452.2
914 707 283.7
828   805 631.3
36   816 268.7
883  12 826.8
579 707 829.4
251   803 585.2
828   36 307.4
885 873 191.9
355   875 343.0
492 805 550.4
84  803 525.8
325  885	272.3
758 251 362.1
492 520 217.1
885  895 114.8
816 883	547.9
325  368 360.5
150 84	503.3
503  84	554.8
368 84 408.9
805   816 438.9
885 520 828.2
914 251 480.3
36   410 212.8
579   853 711.7
399  853 251.2
828  251 66.0
