560  871 432.2
667 976 191.4
327  281 177.6
279   281 502.5
312  976 4.9
800   490	176.8
667 241 621.1
281 379	285.9
281 38	706.8
679  8 159.0
133 379 18.3
327  379 795.8
379 490	179.2
637   976 656.6
279   406	608.2
403  871	157.8
598   976 690.9
800  133 166.8
667   871 648.6
38  312 123.9
153  281 121.6
459  976 83.2
241 38	778.6
630  598 176.4
279 679 370.3
403 312 416.4
637   899 339.2
976  899 326.7
560   637	10.5
406 871 569.9
991  279	573.1
825   976 597.4
679 899 789.1
679 312	56.9
825   327 475.5
160 598	371.1
991  490 494.0
459 637 703.4
327 38 59.4
379   637 781.3
884 403 524.6
871  490	723.3
379  459	40.4
281  899	644.3
241   160	280.2
241   490 271.1
312   899 704.4
281 403 299.6
153  459	87.8
567 153 279.7
490  899 416.5
679  327 512.5
884 825 618.1
