564   117 409.0
821 676 611.0
592   658 773.4
332  271	549.0
583 303 47.7
656  920	449.3
867 777 261.6
731  676 96.6
591 902 75.5
650 600 698.1
514   676 102.8
867   902 725.6
502 569 12.8
304  43	514.0
634   902 415.6
878 583 90.7
878  271 124.9
698  821 409.3
693   676	376.8
43  569 58.8
878  920 806.5
453   923 441.2
570   647	508.8
108  271	201.5
842 594 540.8
477   600 159.5
336  404 155.8
600  647	672.2
477 484	16.7
534   570	571.6
608  676 629.5
117  569 271.3
757   878 168.6
600   281 105.4
286  450 827.9
731  570 125.9
108  404 448.6
902 920 139.5
271  749 55.7
658  634 306.2
281 117	545.1
600 514 363.0
698   731	341.0
902  569 517.7
117 514	694.2
842  793 716.3
552   698 188.3
32  731 513.8
336 552 447.6
600  332	434.5
889  676	797.0
552   731	533.6
592   793 3.1
731   569 483.5
43   994	156.2
777  676	332.3
450   281 460.2
650   304 332.1
514  271	19.7
698  600	441.3
502 332 248.3
514   749	205.6
777 502	598.0
777 749 672.6
552   514 281.1
932   889 548.8
885  902 185.1
245  676 720.5
583 693 638.1
923   821 699.7
308   749	62.7
757 885	372.1
43  634 422.7
885   514 315.8
656 569	430.9
453  600 327.3
552   564 374.6
477   793 564.0
534   878 143.6
608   932	542.4
608 336	756.5
762 450	732.3
647 920 784.5
117   502 466.7
752 923 288.7
793 271 193.2
336  108 372.6
762 583	250.8
308 902 456.0
731  502 367.4
453 994 348.9
552 43 591.7
304   656 86.8
552  484	247.8
731 281 85.4
650 698 722.9
902 502	651.1
450 271 372.6
932   332 385.2
902 281 304.7
181 731 715.4
569   749 8.7
534   647	361.4
552   650 606.1
634  569	822.2
304 762 551.7
308  656 480.7
286  749	435.1
336 656 246.6
245   484 552.7
902   647	457.3
650 920 283.9
932   762	111.0
634 332	686.1
502  749	71.2
793  752 740.8
495   698 811.8
902 117 644.4
245   570	86.3
552  762 185.4
108 534 533.2
842 43 726.5
404 308 114.2
752  583 313.2
404 569 176.3
885 332 270.0
592 583 166.7
