487 350	235.2
349 487 128.7
604   303 665.4
763 140	468.7
36   187 53.9
952  140 604.9
763 36 501.0
949 140 152.5
170   54 177.6
202 710 241.8
214   848 241.6
369 908 105.7
908 54 214.0
140   206 634.7
342 710 660.4
471 202 485.2
443 710 418.9
443 202 305.0
737  342	575.7
347   698	74.1
16   949 577.2
119  443	336.3
78  350 417.6
219   710	833.0
949   567 35.0
206   710 790.1
230 698	727.3
567 202 472.0
158  342 455.8
737  206	553.5
230   206 483.4
487  347 303.4
361 666 546.9
214  140 782.4
949   342 799.5
616 202	560.6
219 737	251.6
116  836 136.1
16 170 586.3
369 848	163.2
952   799 609.0
641  206 264.9
763 116 81.1
471 908	354.3
988  78 499.7
230 54 798.9
763  16	667.2
350 202	337.7
78 737	182.7
36  214 806.2
698   616 446.4
347 206 517.9
214  567 631.9
170 799 266.6
219  908 307.6
347  140 778.2
361   737 312.0
119  737 800.2
999  78 732.7
988   604 739.1
158 799	607.8
36 202 765.0
836  799 395.1
158   170	152.4
303   487 91.0
848 949 832.1
999 698 180.2
361   369 814.1
369   16 184.6
641  140 297.1
230 908 142.6
78 710 527.4
349 78 372.8
667   16	755.2
158   219	577.8
54   710	205.8
908 698 725.8
487  737 212.6
206   202 334.8
16   54	87.8
567  342 212.4
187  487 549.9
908  949 50.2
158   541	424.4
187   908 746.8
698  140 173.9
848 54	103.3
361 158 208.0
799  848 43.5
116   641 638.2
342  202 266.9
274  140	203.9
667 952	260.0
616  206 501.2
170 274 596.9
