131   537 725.1
966   449 303.4
966 31 726.3
456 395 102.0
469   920 793.7
66 268 88.6
14  716 635.6
920  268 550.0
960 782 388.6
864 31 810.8
709 395	61.2
537 703 207.3
864 407 745.2
709 470 97.6
793   30 427.1
14   264	170.0
356 336 787.2
986 66 257.9
661   268	422.1
66  336 786.1
703 356	460.9
456  356	503.6
555 561 164.1
986   782 730.1
661 470	86.2
264 799 652.8
14 307	421.9
807  268 195.1
782  66 543.4
960  470	618.3
131   703 705.7
561   268 175.3
470   395 252.7
449   395 16.4
31   449 669.4
864 986	29.7
834  561 239.3
986  920 13.1
555   966 726.0
966 395 101.0
14   395 15.6
115 864 827.2
356  661 407.7
470   561 397.4
966   356	349.7
555 264 55.4
395 268 166.6
336   268 361.0
986 395 716.6
709  986 591.4
799  395	612.4
986 966 526.0
470 920 148.9
537  864 766.4
960  661	589.1
864  920 393.4
30   31 176.3
407   920	764.0
131   456 558.1
307  920 709.5
395  920 614.5
