641 907 681.3
333 3	597.4
558   953 57.7
826  641 430.0
652  22 29.6
315  600 267.5
245  358 730.3
245 315 582.7
379   430 445.0
124 24 275.8
427   245 555.2
224 124 777.2
24 932 370.8
529 953	189.2
509  226	299.0
388 358	540.9
3  315	376.1
430  206 58.0
3   226 710.6
953  600 642.2
358   600 776.8
942  418 649.8
430   418	133.3
907   529 557.3
333 22 212.7
226  932	596.8
333  269	62.7
529  566 693.3
22  226 746.8
388  566 772.2
65  269 647.0
428  3 131.9
226  953	19.0
826   477 256.6
3   509	191.5
891   226	407.0
430  3 406.6
610 3 283.0
932   953 664.9
388   206 672.0
522  477	106.4
245   226 693.0
124   333	147.5
932  600 162.8
558   932	193.8
907  477	464.2
652 245 263.4
367  358 797.4
379  453 487.0
558 358	617.6
418  206	437.0
124 65	450.5
315  206 513.4
862  942 469.4
942  245 258.3
477 3 19.1
267   379 493.6
427 315	291.9
622  932	451.7
3  558 700.8
953  315	623.6
47 509	246.1
118   84 412.4
427  652 512.7
224  641 806.9
932 206 303.4
124  427 796.8
427 428 379.7
862   84	192.1
453 367 123.6
584   862 781.2
509   206	591.1
453   622 98.3
891 652 391.4
124  206	283.3
922   558 190.2
687 226 485.5
47   584 281.5
84   206	586.0
226   315 810.1
267   529 58.4
610 509 683.6
428 600 447.4
652   358 754.9
427 953 122.5
529   418 692.4
355  418	821.2
226   600 770.0
922   652 797.7
418   953 819.1
687 522 390.5
418   932 327.7
610  558 353.8
566 477 268.9
453 84 179.8
65  453 617.6
367   428 381.5
22   245 674.6
610  418 778.3
942   430	24.7
206  600 54.3
388 3 411.8
355   245 529.4
