40   627	367.6
985 231 496.7
84  231 409.2
527   231 414.8
14   863	662.7
231 624 104.4
266   231 439.2
56   85 99.9
994   23 270.5
968 508 100.5
479   627 802.6
266 914 445.6
760  627 149.4
953  266 64.9
23 56 329.0
25   863 372.9
61 25 637.6
760   691 652.8
760 85 471.8
627   416	25.3
56  691 462.4
508 231 317.8
479  56	690.1
85   624 326.5
40 624 190.2
85  231	32.9
23 527	144.8
56  760	681.7
968   56 507.8
231 863 237.5
914   624 763.1
624  863 419.6
624 25 259.3
760 624 304.2
176   61 207.8
951  691 571.2
84  440 210.1
968  863 417.1
508   61 129.3
985   232	459.2
416 25 405.4
923   914	4.3
508  627 154.7
951 914 239.5
697 56 462.2
232   440 779.4
697   968	766.0
40  61 811.5
985   624 104.7
232   697 184.6
994   923 21.4
968  584 351.0
266 61	371.2
923 697 401.6
985   85 324.4
440   231 31.2
994   863 137.0
