895 292 680.5
193  918 527.6
734  664 119.0
779 803 408.2
779 467	9.8
170  779 126.4
809  523 810.6
133 578 147.8
667   578 329.6
722   467 4.8
521   615	824.5
786   92 720.2
664 578	241.7
73 412 233.8
292 803 122.2
667  547	243.9
615   547	617.4
441 460 559.5
821  523 476.8
770   92 327.0
467  803 764.8
441  918	653.3
970 441	150.3
553   547 263.9
918   655	715.9
878  895	241.7
994   935 512.7
977  994 85.6
627   803 317.7
770  146 450.8
852  389 757.6
803 664 447.6
779   578 239.6
412 92 334.9
331  523 145.1
655  535 312.2
919  977 704.1
895   393 192.9
734   460 798.0
935  895	161.8
389 155 404.0
219  331 414.6
667 331 404.4
460 292	278.1
918   523 403.3
655 578 529.9
292   664 545.2
935 151 215.8
809 578 233.0
803  578 508.7
439   655 584.5
523 578 146.2
878  615 695.1
809 803 107.2
553  151 443.0
219   184 458.5
770   977 264.4
722 553 90.9
935  535 636.1
226 184	686.7
133   467	649.1
219 821 247.4
584  803 179.5
553   918	589.7
852 564 320.5
73   734 491.5
852 547	267.1
994   734 721.8
193  895 701.6
155   578	210.0
970 393 766.8
184 439 821.8
193   292 671.9
875   821 789.9
292  578	474.3
146  547 772.0
934 92 302.4
919 170 592.4
460   895 31.2
439 460	176.5
770  934	743.0
393  803 68.3
970   667 412.5
561   615	651.2
184 331 570.2
809 155 289.1
615 584 88.9
770 133	52.1
184 460 75.7
184  133 281.3
553 878 589.3
295 779 773.9
655  393	827.6
895  133 228.3
441   734 574.5
934  734 30.9
561 547 257.7
919  184	366.6
170 803 759.3
151   535 597.6
875 970 327.3
977  155 751.5
193  935 710.1
852  934 359.6
193   467 806.2
734  393 435.4
786 292 3.1
133 155 495.2
439 523 831.0
878   523	472.2
467   292 384.2
467  578 491.9
561   521 563.8
184 553	356.5
521 878 45.6
977   193 604.8
977  935	158.4
970   770 521.7
523   467 155.0
