979   703	280.0
245 763 67.1
329  657 752.3
680 763 215.8
340 251 645.5
340 839 415.0
450  357 825.1
394   158 568.2
541 357	172.4
388 57 224.3
539 657	798.1
329  979 284.6
159 24	457.4
697 703	155.4
251   25	713.7
697   158 299.2
389 188 130.7
432   158 680.7
141 407	172.9
763   188	777.9
952 271	128.2
767 25 611.6
865 150 565.8
271 632	808.3
632 188 526.4
57 188	689.1
271  865	731.9
680   188 166.2
25  188 214.2
952   150 216.2
979   482 183.9
675  763	20.4
245   482	105.8
269  979 768.4
979   275	199.5
24  763	157.6
49 271 556.2
340   657 508.2
276   482 547.8
703   482 726.5
275 703	527.6
763   839	27.1
329  245	529.5
141 763 189.8
703 188 300.5
389  25 440.5
175   632	510.5
421 394 409.2
251   763 774.6
407 979 359.8
271  188 718.3
158   539 743.6
632 979 577.9
839 188 590.8
57   275 339.0
407 763	109.3
952  49 552.8
770  188	486.3
271 421	226.3
865   245 86.9
158   703 686.5
271   541	564.0
541 763 752.7
57   539 363.8
269  767 593.5
632  158	132.1
697   276 524.0
482 657 24.9
839 450 331.7
188 657 238.7
271 763 596.0
388 450	716.9
329  340 148.9
432 276 472.8
952  767	131.3
952  191	191.5
407  269 483.4
191   340 200.7
675   25 452.9
763  276 29.2
25   657 832.1
329  394 624.5
389  275 13.4
24  389 181.6
407  389 483.6
57   657 131.0
432 839 497.5
541 25	391.3
150  158 392.7
770   329 622.6
432   632	9.5
979  539	273.1
979   188 89.3
952  24 235.3
432   482 428.6
388 25	419.1
862   150 322.2
394   389 654.0
763  979 93.6
57   150 360.0
