158 403 522.7
781 285 196.9
159 489 733.5
284  148	472.5
724  730 442.6
581 587 581.5
491  403 454.9
887   403 423.8
694   403 630.2
730 313 636.6
178   463 146.1
581 491 368.9
658 285 789.9
403  313 308.7
285 587 368.2
781  178 706.3
159  614 456.4
926   372 501.2
576   607 407.7
990  587	454.2
658 835 743.6
614  666 68.3
148 11	26.0
355   334	705.0
285   730 327.1
694  463 36.3
463  570 809.0
355   781	107.7
148   380 525.5
651   403 384.8
781   581	768.0
397   355 116.6
285  694 401.1
52 694 229.5
835   143 503.7
730   491 702.9
490 187 397.2
607  313 433.2
380  143	127.1
169  143 437.6
52   558 201.8
781 724 753.7
264   819	408.4
419  581 509.3
372  281 150.8
334 313 728.2
558 169 763.2
781   666 324.4
505  489 419.9
491   570 248.1
990  158 737.7
334   587	545.5
143  463 540.2
570   403	45.6
570  313	756.2
158 334	659.7
36  666 621.9
587   403 355.4
628 570 822.0
576 887 647.6
666 772 586.5
491   463	247.8
397 658 397.2
666   887 672.3
781 628 732.1
628  887 704.1
558   587 420.9
380  694 81.4
489 463 306.4
36  285 670.6
36  587 641.7
397   380 669.7
658  990	22.2
651 334 622.5
143 772	29.7
651  990	38.5
394   334	328.0
607   178 121.4
730   694 278.8
666   403 257.6
587  313 96.1
187  651 753.7
284  11 377.4
285   819 606.4
581 178 307.5
397 143 305.7
730  158 543.1
355   651 24.5
463   158 255.0
772   887 777.4
284  463 782.3
666 651	395.8
394  607 806.0
781  772	397.7
394  372 470.3
148 772 575.9
372   990 433.9
694   570 511.1
730  178 517.8
397  926 362.0
730 403 108.3
372 264 278.0
990  887 552.7
334   403 386.4
355   887	348.0
628   380 437.1
143   281 623.3
490 587 83.3
926 143	569.2
570  587 618.2
