552   909	524.1
928  80 192.4
909   587 486.8
952 849	450.7
518 952 727.1
711 968 201.4
84 80 326.9
234  755 16.7
541   296 297.2
628 230 819.9
587   230 359.6
909 292 577.0
84 230 805.3
696   628 374.3
736   587	107.5
736  968 510.4
541 84 211.9
755 80 316.5
77  755 589.0
657 587	754.6
296 755 554.1
657  628 594.0
296   909 536.8
296 968 207.9
378   399 213.2
480   84 215.7
597   399 809.6
480 909 78.2
173   77 292.8
920 290 762.2
597   77 72.3
234 657 832.0
74 84 736.5
849  190 532.1
552 657 690.3
173 230	420.9
296   80 833.0
587  80 489.9
190  399 461.6
480 968	454.5
290 77 669.3
290   80	119.5
518   628 549.7
290  587 800.2
920 190 367.9
399  736	88.6
849  173 114.8
292 736 796.0
234 74 149.5
518   657 17.3
696 290 72.6
74   628 539.3
909   968 243.2
230 755 336.2
77  968 1.5
480  736 751.5
968   80 51.2
190 736 42.0
234   190 738.2
849   696 634.6
