400  401 562.3
400 698 411.0
719 401 556.4
817   733 105.9
228   791	759.9
135  400 10.2
529   135 364.0
547  400 121.9
46 788	227.4
435 674 668.1
48   638 49.9
372   733 754.2
592 48 198.3
340  245 94.4
340 362 726.9
340 58 342.0
16   592	283.4
174 817 519.8
362 37 603.6
132 400 680.4
638   674 47.0
309  967	428.8
788   135 278.0
401 245 289.3
103   547	781.9
592  773	339.4
174  703	343.3
400 674 429.6
254   698 526.8
310   135 261.3
400  340 765.6
16   401 445.4
248  698 480.6
134 372 726.3
242 254	712.5
435  362 472.6
58   245 649.6
242  401 710.6
360  733 168.6
377  135 624.0
607 791	771.3
134   362 593.9
400 864 143.3
360  245 168.5
48  477	618.4
698  245 533.7
477 340 650.6
887   401 292.2
228  242 599.6
788   360 682.8
174 864 120.7
48 674 664.9
254  372 565.0
401  254 639.0
887 547 383.0
242 132 54.3
864   360 10.3
286 435 522.7
340   864	767.4
286   248 304.1
773  401 352.5
46   967 817.4
661 435	4.5
306   864	220.4
360   698 662.9
547  401 97.0
607 547	298.7
125 134 100.5
125   254 366.7
674   245 162.0
719 674 767.4
456   719 572.2
135 967 614.8
360   58 597.6
529 245 825.3
887  48 182.2
103 887 153.4
733 638 256.8
547 477 280.8
547 37	106.7
400  58 274.1
689 456 31.6
456  125 766.6
719  817 181.4
435  864 362.0
306 733	500.7
817   132	414.6
435 248 81.3
228   310 524.2
46  733 814.8
16   674 691.0
46   372 47.8
228 372	652.4
864   245 237.7
134  400	746.8
689  719 658.1
132   638 407.9
401  340 55.1
360  674 791.3
817  547 826.7
773 372 606.9
48   37 244.9
607  967 821.1
125  248 398.5
788  698 749.5
48   401 548.5
638   245 171.6
306   245 83.1
174   435	466.0
529 372 814.0
