215 258 342.5
909   860 581.9
387 35 610.9
436  738	659.4
615 19 649.8
332  258 748.4
986   616 187.8
986   463 804.3
35  305 458.4
306 702 19.8
258 19 612.1
141   738	670.0
436 615 115.0
306  19 18.8
513  19	171.5
738  305 737.0
332  281	778.5
735 525 425.9
258 305 754.6
860   332	823.5
469 19 645.1
58   258 713.2
141   525 265.0
165 463 164.8
738  19	409.3
860   615 290.6
909 35 618.8
415 258	216.7
738   702 425.1
909   306 247.3
513  258 425.9
141   415 57.8
469  616 340.0
469 58 352.8
702  305 149.3
58   281 36.7
525   35 783.5
141  58 118.1
415 735 7.4
332   19 158.5
141   258	613.6
909  58 658.6
19   305	417.4
281 616 82.0
738  469	45.6
169   463 677.4
860 141 400.8
35 616 687.7
387   738 177.9
860 58 34.9
306  786	467.6
702 35 129.0
986  281	161.4
525  332 829.5
513 786 687.9
415  738	546.2
58   35 829.7
909   525	715.3
786   986 759.0
387   165	275.6
