464 708 162.4
439  708 188.2
497   651 764.9
754   604 120.8
920 365	437.6
669 56 809.0
587   754 382.7
847   564	133.5
604  73 818.5
613   651 582.0
523  429	416.8
73   664 556.6
523 389 312.4
56  946 561.6
936 97	684.9
818   847 549.8
830  392 549.4
625   920 96.1
497   995 704.4
613   708 824.0
728   25 504.6
936  253 748.3
936 650	166.7
604   365 795.6
936  708 581.4
747   453 215.0
613   650 678.4
818 73	658.3
437 392 779.3
439 523 737.4
453  25	686.8
253   732 280.2
25 521	787.5
754  253	701.9
523  2	308.6
437 847 470.0
533  687 197.9
936   687 463.7
2  995 415.0
847   2	795.1
84   920 433.3
920   664	480.2
708  2 393.7
920 97 716.4
84   439	196.3
847  97 760.1
439 818 211.1
25   687	134.1
818  485	280.2
650 847 428.8
897   664 813.1
669   564 168.5
625   732 58.1
920  73 432.8
838  847	541.9
728 613 654.0
73  365 290.6
897 732 266.2
650 946 621.7
708   253 214.4
14  412 680.6
533  651	577.0
669   936 83.1
708  650 334.1
754  728 20.5
754  651 522.0
664   2 122.1
118   747 427.9
830  25 69.2
25  2 804.3
14  97	592.5
97   664 502.7
389   897	538.0
437 497 539.5
155  651 456.2
118  897 234.8
920 604	147.8
625 253	464.4
392  439	614.1
14   604 821.5
437   253 274.7
625   429 220.9
721 485 818.9
747 2 534.4
564 2 282.3
97 73 333.7
587 830 471.3
429  687	328.6
155   897	50.7
84  155 693.7
389  412 15.2
118 497 782.6
830  920	279.7
564  995 507.7
897   97 189.1
412   564 595.3
437  84 271.0
838 2 729.8
439 995 833.0
818 365 713.4
523 897 632.4
439  453 489.4
747   847 261.2
946 25 558.4
838  708 52.9
564 365 525.3
453 97	127.8
651  2 328.5
708  97 214.3
995   365 336.7
