533  687 13.2
534  132 509.8
481 430 295.7
150 971 286.4
44 985 6.7
855   687	613.6
481 985 279.8
683   674 239.9
286   50 754.9
171  985 754.3
674   425	121.7
893  985	527.6
856   171 737.3
674 952	221.8
815 31 762.1
425 31	684.1
107 171	293.6
430  683 300.9
687  985 469.9
815   107 603.0
533   50 538.2
711 280 655.5
869 192 710.0
563  683	234.8
430   420 684.6
815   192	252.1
8 687 618.4
534 856 808.3
687 44 778.1
674 44	779.6
132 44 617.4
533 107	362.8
711   286 778.2
952   687 225.9
192  425 15.9
481   893 169.1
132   985 103.2
711 952 826.7
533  481 485.5
952  985 303.4
533   132 107.6
33   8 668.7
869   815	273.0
534 855	648.2
533 31 310.9
280  952 307.2
425 985 147.4
420   674 569.3
533 117 342.3
563   8 583.1
8   815 52.9
952 425	377.2
534  33 720.3
192   117	356.9
481   856	654.4
674 687 179.3
711  132 724.0
893  855 100.1
711   171	55.9
481  117 197.3
