490 677 828.5
536  185 5.2
536   924 353.3
902   924	434.3
133   757 173.8
415   36 338.6
757  712	91.2
209  192	356.0
478   677 183.8
677   493	292.4
829  407 3.1
634  592	687.4
924 712 233.7
845   757 553.9
407  924 775.2
271 396 619.7
655  757 803.3
412 886 830.5
133 223 583.4
123  829 330.9
61   902 727.5
412  209 364.5
123 780 805.6
415 845	567.0
961 412 188.4
185 223 499.7
677 634	74.8
536 123 708.5
478   133 353.4
407   693 193.9
783  905 436.6
68  192 545.2
783  780	393.2
412  47 142.6
519   47	213.2
412   592 497.7
875  851 186.5
154  216 197.2
216 511 38.8
851 712 581.1
519   851 766.1
407   519	102.9
961  396 734.7
780 490 311.2
396   924 545.1
415  519	129.7
757 924 296.3
729  693	695.3
886 123	513.6
829 592	414.0
905  829 679.2
412   216	720.5
536   271 675.3
875 729 284.2
478 192 594.7
902 634 605.3
68   223 161.9
407   493 412.6
511   693	17.6
451 634	737.2
216   655 341.8
829   396 795.3
412  729 230.5
478 185 685.2
780 519 817.7
478   209 175.4
47   757	575.9
656   693 372.0
780 757 342.0
493 924	371.0
192 519 715.0
783   154 233.0
579 396	317.8
490  712 228.6
216 902 757.6
61  924 352.2
185   851 833.3
655   407	552.1
693   924	744.3
192  829 163.2
875 407	556.6
693   712 167.8
783 961 519.4
829  757	65.9
511 780	590.6
478   415 485.9
783   185 461.9
133  693 74.3
47 693 32.3
123  656	223.4
961   924 696.3
851  223 280.3
415  490 532.0
536   780 225.5
209  677 510.5
845 712 58.6
123   579 374.8
407  592 88.0
511  47 689.4
656   757 144.2
