836 466 258.6
439   160 75.1
237   955 253.4
705  160	124.1
361  657 715.1
466   949 387.3
681 604	830.3
705  329 448.8
328 950	37.3
89   782 469.6
801 604 415.7
10 589 156.9
84 10	51.6
512 802 209.5
80  955 686.9
374   50	813.6
160 604	473.8
752  810	150.7
628 466 477.8
48 584 551.9
50 810 570.2
882   254 90.9
439 930 7.9
391 10 526.6
584   286 317.6
254  603 89.9
80   237 751.9
748 692 433.0
254   604 644.7
802 328 290.1
949  329 786.0
581 604	118.3
374   604 666.3
98  692	363.2
219 361 726.0
480 286 310.2
397   80 332.5
930   328 369.5
748  950 712.7
625  254 739.7
237   810	238.0
198 197 107.7
48 581 180.6
50  787 87.5
160 950	170.5
197  782	399.6
930  950 356.2
197   604 14.2
801   512 717.8
391   328 114.2
783 810 63.1
949  197 107.0
772 84 521.4
10  752 669.8
772  361	740.9
801 752 451.6
391 374 674.3
589   692 811.8
603  692 325.7
744  198 331.9
955   308	377.0
581  950	52.9
772   802	791.0
949  950 587.0
361  329 814.7
801  782 369.4
930 783 292.3
744 308 643.7
439   361 163.4
801   80	247.2
810  197	695.1
589 782 404.3
836 657 247.8
489  787 463.5
810  308 68.5
50   681 540.5
787  692 190.5
782  604 220.7
733 10 780.3
705   197 719.0
160   329 727.2
397  198 212.3
657 782 789.9
836  681 403.8
772 328	630.8
692  329 249.7
391 782 822.7
89   604 413.9
466   286	432.4
949 782 249.6
328  681 425.8
950  329 286.9
198   748 716.8
329  782	332.7
489  681 54.0
733   625 83.6
882   329 417.9
84 489 547.7
733   802 185.4
480 603 123.1
882 286	570.7
10 374 770.1
198 949 751.6
80   466 507.1
361   589 489.4
374 589	749.2
198   657 234.9
391 219 265.4
752  692 745.4
198   692 235.8
10 489 25.1
787   810 738.7
391 657 286.0
955  810 191.9
681 787 668.8
681  955 157.1
625  603 234.7
391  512 433.8
466   810 131.4
98 286 332.6
