898 848 442.4
881   685 190.7
442  454 617.3
898 685 209.1
519 136 220.2
541 439 177.7
136 508 757.0
622 261	813.3
87   853 700.6
541 853 82.8
685 848 457.1
881  329 323.5
116 274 666.0
176   611 549.8
17   147	460.2
460 644 610.5
975   678 439.4
505 386 743.7
460  439	433.8
439  508 4.2
274   460	529.5
505  753 156.4
442  620 706.7
622  678 507.9
678  439 770.2
685  644 514.3
70   620 164.8
753   848 596.1
329 848 151.3
694 439 153.7
541   87 390.6
414 176 99.3
620 541 675.5
975   644 87.3
620 611	80.5
541   329 387.1
147   685 439.0
309  685 207.9
250  644	748.0
898   678 813.2
865  274 822.4
70  250 764.5
136   87	161.5
865 975 351.9
69  454 290.1
250 853 9.5
250  678 823.0
703   848 408.2
753  644 538.1
881 136	102.0
153 644 694.0
505   87 483.3
519   881 542.7
99 848 342.2
753  460 93.9
881   99	454.5
620   309 196.8
622   309 708.9
968   460 615.3
460   87 655.7
70   694 651.6
442  70 374.1
153 71 762.8
753   87	715.8
414 848	23.9
541  611 734.7
865  678	445.6
611  853	384.2
898   250	761.6
622 147 535.2
622  99 428.1
116   454	599.7
678 87	694.9
454   329	612.8
153 439 108.6
274   678 752.3
678  853 732.5
685 439 63.2
508  87 701.9
250  136 162.1
644  848 196.8
898   460 172.0
505  644	594.9
116 442 112.0
439  87 658.7
386  898 741.9
329  898 188.8
975   439 415.6
261  898	162.0
116 975 107.5
147  460 488.6
644  508 477.5
611   753 403.9
71   541	144.5
848  853 762.1
309  99 747.1
611   644	649.8
442 975 96.1
71 99 190.2
508 853 533.2
